$ANSIBLE_VAULT;1.1;AES256
64336334373130333830643938666439353862333264313633376465306434353930373230323662
3135646161373666313533636435356331646335366131350a666430346266356430336331386665
38383963393436666436396233303161366363343336393236616662376662336538303834663537
3238643033383766390a383539663036666337376432663436643438383635653165363862653133
37343832313066386635383261356339633263306131663266643039353061316437303363366539
35646636653634653532313236366565313562636139333636656666623437626138366461353663
30643864613131326234363533316231613661333934343666666132386530353537656263306438
37636237383335636261303934396233376435306439613163633865333361363362613866623834
35326530623630613665643431363938626533366562616133366332333062646365356161393530
65643031623237313334633065366333616664363834363238386133353239336362663637363031
62326339613262356335356164386366613738333561333964633131343134326432393764306231
62356535313133393631393434326564666138666137616530313133376666643230396230396163
32326339336564613336333066666666663166303332366163316139373137643434313063616136
39316630393264623564373033616436373733306162623934623031643439373461666330393534
35316439333232386436323132666634333932663639616237316165653062653961616330663338
33363036633735386363376565326661623565396333643032323930356633313931313764646538
37343561303366323032343630303338613238656233623762613338323637373833
